13286
4979
13549
4852
11357
4040
4328
10559
24695
10439
4499
4482
3564
4916
14732
15007
55603
20559
9167
54312
4093
14743
12306
15128
19731
37587
5061
10476
32162
9595
51667
12186
4823
11373
8050
14803
14945
4859
5110
11293
9468
15340
5595
19606
4496
3413
9762
4721
12937
3030
11260
4749
32435
4711
20183
63655
7500
14623
15288
2517
4115
13590
8246
49956
51435
7450
3988
19589
2537
4474
9117
14758
13490
16671
3672
14441
4492
50975
5907
23591
5067
2886
10451
4511
8882
50245
4888
24299
10441
3348
13468
21820
4763
14793
16204
5721
4601
12584
23951
9030
4158
5810
14742
1926
5668
14636
13706
32845
8162
8185
8584
23695
15424
9982
8707
11965
3505
25435
10466
4341
2620
3894
9576
22952
4556
5001
4843
9869
1634
15989
3175
13814
19951
3160
2651
11347
14575
4620
4161
13491
13510
20858
13248
19608
4495
8438
14589
7431
3562
3448
4604
4136
3600
14549
14567
21653
8045
2889
4911
15211
14335
8897
1629
13716
5174
10539
14565
33158
24679
23520
3242
5328
3807
9251
12854
14457
4100
13389
2423
4288
8192
4330
14676
9947
1526
5345
1911
3799
4123
5866
14643
16747
13899
4777
32936
24253
3982
15199
14800
3642
4112
5758
24252
19758
49884
5577
26556
4229
19678
13823
16347
24626
10455
14442
6362
13340
3670
23810
6451
3601
14771
23738
4340
8163
5097
4231
10633
12707
24347
12265
14658
14753
8962
2214
33185
15967
16803
15258
13903
4845
4120
3156
2934
15123
3309
11247
2417
19771
3182
7981
6784
3604
15759
5672
4804
4129
10500
14805
14298
3170
14659
2932
13561
25292
25309
8044
24704
8052
5906
10479
3958
5371
12639
19680
9650
3868
12946
23841
21964
4771
4600
15146
6889
15259
20081
14453
4481
20179
9634
50989
10651
23747
11134
3390
19622
19909
8055
10146
10654
7946
2758
25266
3906
14766
22542
13985
7548
6210
14569
50512
12582
5101
15269
4736
32728
12173
4545
24839
3192
3183
14835
14875
4856
33135
3143
10000
4713
4503
4743
2933
4582
19609
5064
13234
3712
8586
2569
10855
10475
10501
3719
14619
5698
10949
21691
6194
52951
3801
3823
11575
5713
10564
14637
8340
23744
23702
24625
9417
13550
14341
13229
15292
2053
10734
5272
4527
7234
13554
2570
10542
4284
8245
4760
5079
4717
12212
33056
49150
3222
15480
4786
3669
10480
15481
4248
14655
11070
4506
11071
11355
11259
14428
13556
5154
4732
19880
14696
45519
4331
15122
23815
20277
13192
5682
6425
15687
19605
3508
19611
10191
14678
4101
11267
14750
13492
19679
19600
25311
5156
20383
4333
20178
12316
14723
3644
13285
4508
10449
13509
4656
22546
13522
3926
15134
4886
15608
14693
8982
5368
3653
12359
4030
5861
12520
35733
6899
4618
4842
13872
11044
9257
14642
20180
20503
3830
2852
16607
5583
2270
4985
12299
37776
23784
14982
5520
4154
5066
4337
5551
4664
7124
5179
14168
3837
14897
13278
12444
4813
4487
23759
5762
63634
4289
4290
16088
14170
63633
10422
8456
8335
13228
13987
23946
9566
7985
8983
10428
15418
3995
6519
5334
4918
22548
8171
3251
5078
2359
15136
3945
11272
4245
49992
19677
13932
13508
11284
4287
3861
5375
23827
32638
9960
5850
20646
4224
3979
3844
14587
4785
24797
9649
14824
21958
3909
21189
4006
19617
14063
19778
4246
5377
13280
4179
5859
2100
32923
8900
14822
5879
5102
21774
5239
5178
15293
4955
14698
19619
5804
7219
8966
13387
4577
3983
22570
19603
15118
19911
4561
4772
5208
11147
3869
20196
4645
4472
3546
22651
20479
14270
20708
14712
14450
15184
13390
14451
15938
14807
3014
3316
14647
23556
8293
3924
24353
13584
4765
14671
15140
21532
13871
12536
50463
22052
19927
5514
10543
3889
13494
20088
23615
10465
14436
10420
6058
10535
4252
4714
13283
16467
4319
5093
10440
13962
22046
9664
4972
3138
13825
9895
25513
11213
7081
14051
4640
12463
4356
14433
3920
10079
24834
19929
15200
19923
4433
13822
16790
8049
15559
4084
21677
16270
23820
11241
10074
19673
24001
13703
3548
13565
4276
3811
4818
4209
13123
5343
15202
4416
24630
26076
4878
3934
13511
8710
10458
4696
10727
5044
10472
13555
4286
13901
6030
3507
2464
30533
11180
20171
2896
16801
3319
11341
12192
22591
20745
49481
4796
10004
6252
8945
13648
14538
14554
33238
11074
5384
4477
8887
5220
16234
19607
8980
2508
4615
24346
4750
14578
16723
25089
7013
14656
5267
51418
4608
4135
2007
4421
4145
13193
15374
4529
4549
13232
21413
15002
11364
3613
3512
14445
8871
4558
10443
4999
10444
26216
2664
3766
3457
4779
8168
14572
10482
13329
4505
1295
3154
4325
19618
2338
13195
5428
15685
10498
15116
4815
8143
40320
24000
14650
24214
8451
14566
14667
5865
3169
14778
3517
9134
13281
19681
23033
12114
4148
13235
3724
15133
2835
50453
3905
20051
13559
14949
8174
3285
15011
3362
5140
4747
10964
8979
4666
20109
12949
25312
4007
4398
4851
2839
3955
13815
15119
2047
14164
4816
3999
4617
21702
19967
3452
8889
4489
14548
2980
15111
8048
4396
2678
7114
10798
4767
4748
14446
20929
3547
8454
7488
3756
4125
14149
24151
12136
6389
10522
4605
3062
3654
4539
7103
25313
3338
10123
19620
6627
24638
5175
6827
51436
