10483
13286
4081
9199
13549
4852
11357
4968
4040
4328
10559
24695
6609
10439
4499
4482
3564
4916
14732
33112
13984
4413
9167
3732
4093
14743
12306
15128
19731
5490
8234
5594
10476
4550
9595
8242
7175
4823
8050
4859
5110
11293
9468
5595
4496
13279
9762
20538
12937
3030
11260
4749
8457
4711
14623
15030
2517
4115
13590
8246
10520
1308
3312
7450
32838
3608
19589
2537
3765
4474
20879
14758
13490
4492
4205
6215
5067
2886
10451
10426
8882
19655
13231
4888
4769
10441
3348
4898
4763
5721
4838
13475
16622
13560
4601
12584
4788
9030
4158
21627
15094
9032
5810
14742
5668
2152
14636
4674
13873
8162
3744
23695
8892
10596
11965
4634
10956
10466
4341
14547
2620
9576
4636
4254
5001
4843
9869
1634
15989
4430
13814
3160
2651
11347
4844
4105
4620
14632
4161
13491
13510
13248
11191
19608
4495
3562
11146
12365
3448
9100
4604
10268
3713
3600
23739
21653
8045
3549
2889
4911
2559
8897
1629
13716
5174
10539
33158
24679
3242
5328
3807
8389
9251
12854
2985
14457
4100
10526
13389
2423
4198
4288
4330
4885
14834
4546
9947
1526
5345
1911
3799
4123
11002
14643
16747
4777
32936
3982
15199
14800
3642
4941
4112
3925
5577
19678
13823
14442
6362
3670
6451
3601
14771
23738
4340
8163
2341
12707
12265
15038
14753
8962
21468
2214
16803
4845
3156
2934
3309
2417
3182
14631
7564
3604
4810
23976
15759
5672
4804
5344
13867
5144
4129
1943
14805
14298
3170
2932
13561
25292
25309
8044
8052
8935
10479
5371
7482
12639
19680
10423
9650
3868
12946
5937
4771
4600
15146
3046
14453
4481
9634
14830
10651
4547
23747
11134
3390
4554
19909
8055
12815
1870
7946
2758
8650
14766
22542
13985
6210
12582
5101
15027
12173
4545
24839
3183
14835
3819
20869
20101
3143
13777
4713
4503
2933
19609
13234
3712
8586
2569
10855
10475
10501
3719
14619
21858
10949
9936
21691
6194
3801
11575
5713
10564
14637
13191
8340
23744
2074
23702
24625
9417
13229
15292
2053
10734
5272
4527
7234
5772
13554
10542
5588
4284
8245
4760
2928
4717
12212
33056
13246
3222
4786
3669
21886
10480
15481
4541
4248
5803
11070
11355
13556
14696
4331
15122
23815
4835
4606
6425
19605
3508
19611
10191
4101
3960
13492
19679
19600
25311
5156
20383
4333
3644
15194
13285
10449
13509
4656
22546
3926
10517
15134
4886
15608
14693
8982
4141
5368
3653
12359
4030
5861
12735
6899
4618
4842
13872
11044
9257
14776
14642
5561
20180
3830
2852
16607
13866
5583
2270
16550
14982
4154
5066
4337
3244
5551
4664
7124
5179
14168
8888
3837
13278
12444
4813
4487
3173
3137
5762
4290
16088
14170
10422
13228
13987
9566
7985
8983
10428
15418
14456
3995
5566
6519
5334
4918
12374
8171
3251
15404
5078
2359
11272
4245
11177
19677
13932
13508
11284
4287
16275
3861
5375
32638
9960
5850
4224
4437
8107
3979
4395
14447
3779
24797
9649
14824
3909
15160
19617
19778
4246
22575
13280
4179
5859
2100
8900
4507
14822
5879
10464
5102
13778
5239
5178
15293
10518
14698
19619
5804
7219
8966
13387
2529
3983
22570
19603
15118
12356
4822
19911
9581
4772
5208
11147
3869
3333
2011
6903
4472
7122
3546
3956
20479
14270
20708
14712
14450
15184
15052
13390
14451
15938
14807
3014
19604
13795
23556
3924
13821
24353
20870
10425
13584
20095
15154
15140
21532
13871
5514
10543
3889
13494
13717
2867
7490
23615
10465
14436
10420
6058
10535
4252
4714
13283
16467
4319
10953
10440
13962
9664
4972
13825
9895
21903
11213
7081
14144
4525
14161
4640
12463
4821
3920
10079
4433
13822
16790
8049
4084
21677
23820
11241
19673
13703
3548
11013
2216
4405
13565
3811
4818
4209
13123
4572
16646
15202
24630
4878
3934
10488
13230
13511
8710
10458
4696
3484
13796
3851
10472
13555
4286
6030
2064
3507
2464
2681
14285
16801
12192
22591
6251
4796
10004
8945
13648
4973
14801
14554
11074
5384
4477
8887
16234
19607
8980
2508
4615
24346
14578
16723
5267
15142
4608
3158
13121
4135
10507
2007
4421
4145
13193
15374
4529
4549
13232
11364
3613
3512
4558
16608
10443
4999
10444
21809
2664
4679
4988
3766
4779
8168
14572
10482
4426
4505
1295
3154
4925
19618
2338
13195
5428
10556
3543
15045
15685
10498
4815
8143
24214
8451
10609
3169
14778
3517
13281
19681
12114
4148
13235
3724
3905
20051
13559
20941
13477
8174
10435
3285
3362
4877
5140
10964
8979
4809
15044
4666
25312
4007
4398
8003
21730
2839
3955
13815
15119
2047
8159
14164
4816
3999
4617
2686
3452
8889
4489
2299
14548
2980
15111
4396
2678
7114
16549
4767
4748
14446
3547
3471
13813
7488
4989
3756
15285
12136
4673
14626
10522
4605
3062
3654
4539
7103
25313
3338
10123
22547
3662
19620
5175
