19970
13286
9199
4979
10905
72541
4852
4328
90665
4183
71432
20113
4499
3564
4916
51480
20053
5467
14732
22698
20559
15994
9167
54312
4093
51774
52723
23585
112742
20723
12306
19731
26151
23742
37587
5061
10476
121739
10467
24708
9595
51631
51667
25281
5748
12186
11373
31883
123450
23750
4859
5110
11293
15114
67217
15340
5595
3314
26975
4496
69816
13279
9762
20489
12937
11260
4749
66607
32435
21317
3513
19871
63655
4291
14623
74776
24773
14426
2517
4115
8246
15185
52960
49501
7450
14568
25540
66565
19589
2537
4474
9117
14758
16671
31662
20517
14441
22802
4492
10761
65641
12703
50975
5907
23591
5067
2886
10451
4511
66647
33175
21881
50245
112629
122634
66657
107846
64271
52175
14793
16204
23951
8868
68582
4158
66318
109775
19894
14636
31442
9457
23396
74761
25191
19890
26408
66692
8707
49267
4634
10466
2620
112203
32279
14482
9576
74562
19868
13225
14944
74591
50501
3175
2250
13814
53269
13344
6712
3160
5771
7163
11347
51616
14575
4620
75201
65849
30534
13491
122388
20858
13248
69747
4495
64522
64140
51609
51690
3562
19877
11146
33335
3448
4604
4136
14559
3600
24659
21653
69507
3622
53182
2889
16758
112628
49256
7336
15211
98258
51612
69286
51245
2522
31905
27277
114257
14565
23989
22870
49763
33158
24994
20722
8148
12005
11362
2817
3807
9251
14457
4100
13389
13130
4198
12198
53177
4288
4330
9947
51813
3799
67927
20701
49461
77990
14706
69176
66669
112917
33345
126837
4112
5758
24252
19758
49884
24231
52153
51511
66524
4229
19678
13823
24626
10455
24637
24811
3670
23810
11111
6451
3601
4340
8163
14829
74787
12707
16788
66658
51224
11033
49259
2214
33185
15967
16803
63654
12199
4845
43087
3156
51530
15123
21584
3309
11247
66670
31663
19752
23703
114485
6784
71590
107832
4804
22002
78267
33046
51582
51544
13145
69415
52959
14805
66284
114256
25246
3877
15170
3170
2932
10883
8052
107830
5906
10479
3958
5371
66367
19680
50234
66104
24649
21887
24635
68987
23841
4771
20187
51754
6889
25094
19591
69765
15259
19968
55700
25534
20081
8321
24221
4481
10968
19626
50989
10651
13702
51474
3390
19909
1870
7946
4260
23911
124176
22542
13985
7548
6210
14569
50512
15549
5101
15269
64148
51437
32728
63841
3819
15186
66722
33135
3143
25447
10000
20810
53074
51581
2933
51917
47259
5064
51579
3058
8586
2569
10947
98301
33066
51559
20005
112246
6194
52951
11575
10564
14637
9377
23702
104260
8589
107835
24340
43859
98300
20337
5272
24641
13554
8245
66538
24227
4717
12212
33056
15480
4786
14571
23194
52931
12847
24807
98303
51085
69289
24723
49726
122872
11071
5051
11259
72371
14428
20607
23743
19880
15212
23815
20277
5682
15715
13515
50165
19605
21714
66590
3960
13492
108973
19600
122118
32298
120096
20958
4333
12316
14723
3644
13285
98279
10449
67899
16793
22546
13522
3926
15134
49478
23152
13089
12891
14693
26220
5368
23593
13274
66564
5861
12520
35733
122119
66494
67196
22866
49316
6899
23832
4618
4842
23704
24702
3049
13872
11044
9257
99282
23696
20180
66222
25071
16607
68580
5583
2270
4985
51777
23784
23830
14938
108922
5066
66516
4337
49495
5790
4664
19851
7124
5179
8006
3837
20055
14897
74811
13278
52201
12444
54144
21611
4487
5762
4290
49961
23948
72455
63633
8456
23946
9566
8983
10428
53007
71441
6519
4918
16640
32925
8171
32388
20097
23952
51692
11272
26977
4245
49992
11284
51556
4287
20874
3861
5375
51619
10827
14903
16256
32638
64460
66360
69546
66707
4224
49270
51553
52903
53270
52613
3979
23853
20961
51423
78239
19675
69288
33061
24797
14824
3909
68593
54889
27090
66378
13280
5859
2100
32923
12322
8900
24334
117732
21774
108751
5239
5178
15293
115025
92722
92706
64281
8966
25269
51574
3983
115114
23824
14580
23903
75991
51610
19911
9662
4772
11147
20196
25467
24983
15019
45351
14577
22651
20479
25329
14450
16642
20064
4931
14451
5570
76258
19922
3014
23556
8293
66094
51416
42331
90664
107844
21532
64069
66522
33342
5514
49264
10543
66557
24823
23650
76024
53741
66225
32989
11224
23941
53085
14455
26689
53610
51510
108612
10465
23994
92734
14909
4252
49489
4654
49293
16467
14984
43856
4936
108924
49490
74585
13485
49494
21998
108972
13825
50252
10487
5181
69617
21495
20079
4525
10768
64519
4640
4821
22043
32700
49476
24645
3920
53313
10079
32229
66560
19929
19923
5860
23653
70216
16790
5169
15559
50960
51557
36972
21760
16270
66518
49504
24001
13703
19888
2216
24156
13565
24128
7975
3811
39606
4209
76427
5343
15202
19928
67198
24630
4878
3934
13511
24809
10458
13796
16286
4095
3851
21297
23968
13555
4286
13901
6030
3507
65782
16431
11180
20171
2896
16801
11341
49716
25203
12192
12817
20745
6251
49481
4796
66204
51775
8945
20490
31861
47181
14538
14801
15218
33238
25068
51209
14463
68857
20499
69417
66570
5220
67189
8980
2508
25089
14656
19844
14393
5267
70241
4608
4135
23914
64142
23797
72119
4421
108851
25529
19925
51638
49502
52017
52202
4549
74743
21413
53075
75104
14997
23901
14445
32998
4999
49158
68634
76262
25183
50247
110255
26216
3457
4348
54392
8168
14572
49477
32288
23199
25444
4505
109735
49152
33124
19618
92693
65961
19874
98302
76261
19893
15116
4815
8143
40320
4402
35781
70755
92692
14452
5264
5754
63836
19869
5865
12185
3169
14778
115169
3517
66588
13281
9246
35741
23033
43098
12114
92635
3724
32280
10394
16087
67454
3905
21612
20486
20051
54831
24412
16006
51484
13559
15791
49173
43940
67704
14593
114957
23612
67201
37931
15011
3362
11031
65987
5140
76090
99280
5782
8979
31670
4874
20109
67634
25312
15013
22040
4851
2839
14467
13815
98263
8159
14164
51545
3929
4617
8658
51238
9426
20261
31046
3452
66578
107826
23599
15580
4489
69653
14548
15111
4396
7114
70133
4748
5806
14446
20929
13961
48690
7488
117497
51563
3756
14149
21957
24151
12136
78211
66506
6389
62919
51226
4539
64074
7103
25313
50230
70136
24220
22047
19620
42709
20750
5175
107891
11419
51436
