10483
9943
4343
13286
4081
9199
4979
13549
2845
4852
4968
4040
2622
4328
10439
4499
4482
3564
4916
14732
13284
13984
4413
9167
3732
4849
12306
13124
5602
4176
5490
5594
10476
10830
10467
9931
2905
4550
9595
9950
7175
4823
8050
2704
4859
9468
5595
4496
13279
9762
4721
3030
3561
7485
4152
4291
3565
2517
10545
4115
13590
10520
1308
3312
3681
2537
3765
9932
4474
13490
13120
3672
4847
4492
4205
6215
2886
10451
10426
4552
4761
7934
13132
4283
4888
8978
4769
3348
4898
4763
4838
3863
13560
4601
9030
4158
9032
3364
5668
2152
4674
13873
3744
11952
3567
9982
11965
4634
10546
10466
4341
10484
2620
4636
4254
5001
13225
4843
9869
10139
1634
4430
13814
3160
2949
3957
2651
11347
5559
4844
4105
4039
4620
4172
2936
4161
13491
13510
4346
4797
3562
11146
12365
13507
3448
2413
4604
4313
3713
1632
3600
4746
3010
3680
13388
8045
3549
2889
13948
4911
2847
8897
13339
1629
16586
6615
13716
10539
3242
3807
2531
9251
12854
13389
13130
4198
4288
4330
4885
3666
15372
4546
9947
1526
4098
1911
3799
4123
4802
11002
7120
4777
3972
4941
4112
10506
3925
2125
13957
13874
10380
7865
13907
3746
13823
5211
10455
3253
13340
3670
4340
2341
7883
4151
13799
13869
9933
2214
8046
13875
2612
3679
4845
4535
10363
3309
2417
10477
13553
7215
3182
3604
4810
5672
4804
5344
13867
2611
4129
3850
9948
3170
2932
13561
8044
4295
10479
4335
5371
13665
10423
9650
9163
10528
3868
12946
3800
5937
4771
4600
4740
4830
3046
2942
7568
10951
4481
851
10469
15112
4478
10651
6900
11961
4547
10519
3390
13562
4554
8055
12815
10452
10445
4260
10433
13794
8650
13985
4004
12582
3558
4545
3183
4614
3394
709
3143
13777
4503
4582
3712
11021
2569
10534
10432
10475
10501
3719
1881
9936
5713
10564
13191
10512
4357
4812
13551
2516
13870
4355
13550
2053
3506
4527
6390
10957
13554
5588
8245
5691
2928
4621
5349
3360
6292
4717
4756
3222
3669
10480
4541
4000
4766
4296
4248
2530
4506
4317
13556
3102
4353
4331
10603
10450
13192
4835
3981
13125
3462
4606
6425
13792
7153
13718
13824
3508
10191
4101
10427
3960
13492
3817
4163
3644
13285
10449
13509
8057
13793
4656
3926
10517
5365
12891
14018
4141
2002
3653
1515
4701
4030
5861
4724
6671
11004
4618
4627
4842
13872
2613
9257
5561
10952
13391
13964
6047
13194
3830
16607
13866
2270
6387
2574
4154
4337
4664
5179
3206
13558
4813
3137
4799
4290
13129
7198
4470
10422
8460
13987
13506
8983
4690
10428
4648
6519
5334
2834
13552
3251
4502
5078
11272
4349
4245
4342
13127
13508
4287
3861
5137
13840
4831
4706
5850
6393
3880
4224
4437
4573
4395
8636
10521
10831
3779
10473
9649
4246
13280
4179
2100
8900
4507
5879
13778
5239
5178
10518
8968
7219
8966
13387
11008
2529
3983
3751
4822
9662
4772
11147
3333
2011
10461
6903
2755
4676
4472
4510
3546
13282
3956
4803
13390
3014
2040
13795
19926
3478
13821
2647
8054
2550
1717
3919
13871
4204
10832
5514
10543
13494
4719
13717
2867
13493
5177
7490
10465
4501
1887
10420
6058
12215
4504
10535
4252
4714
2293
10536
13283
13798
8977
4319
10953
13876
10440
13962
5586
4972
10502
13825
9895
10487
5181
4525
4640
3388
4821
15190
10527
10814
4540
8356
4433
13822
9934
8049
4084
4103
4616
3548
11013
2216
9949
4405
8058
13565
3811
4818
4209
13123
4572
2925
1982
13564
3934
10488
13511
8710
14624
4696
10510
13796
3851
3389
10472
13555
4286
16616
6030
4536
2064
3507
3052
9031
10580
2681
4347
2896
3311
6251
4796
10004
8945
13648
4973
4193
4718
4477
8980
2508
4615
1218
5271
10503
13915
2412
4185
5267
4608
3158
13121
4135
10507
10516
2007
4421
4145
13193
2892
4549
3404
3613
3512
16608
10443
4846
4999
2837
10444
2664
4679
10447
3766
4348
4779
4612
4316
10482
4426
8059
4505
10508
3154
4925
13126
2338
13195
3543
12802
10498
15322
4815
2323
10583
1353
4560
5585
9826
4798
4652
3169
10933
7744
10509
3517
9134
13281
13131
4722
9246
3420
4148
3724
10394
4401
3905
13559
10932
2217
8174
16582
3285
3362
5140
4747
4811
8979
4809
13128
9793
4666
11590
11323
4398
4851
9970
2839
3955
13815
2047
4816
2151
4617
8970
10359
10336
4447
13563
3452
15415
4489
2299
4557
4396
2678
7114
4767
4024
4748
13122
3547
8454
13813
7488
4130
4989
878
4673
10522
4605
3062
3654
4539
3338
4716
5175
8043
10468
