10483
4343
2840
4081
9199
2845
10544
4852
4040
2622
2916
10514
4328
4183
10439
10424
4499
4482
3564
4218
4916
8230
4410
4413
9167
4543
3897
2862
10511
4849
10470
4176
3663
8234
10476
10467
2905
4550
4861
4665
8242
4823
2704
4800
4526
3239
4859
9468
4496
4829
9762
4721
3030
2129
8969
3561
7485
4152
4291
3565
2517
10545
4115
8813
8246
10520
1308
3312
2303
10437
2537
4474
4171
3672
2098
4847
4492
4205
2886
10451
10426
4552
4761
7934
4283
10548
4888
8978
4769
10441
4898
4763
4838
3863
4601
16540
3908
4788
9030
4158
9032
1926
3364
2152
4674
2624
3744
8175
4261
4634
8336
10546
10466
10484
4828
2620
8974
10431
10462
4636
4254
5001
4843
3563
2058
1634
4430
2949
3957
2651
5559
4844
4105
4039
4620
4172
2936
4161
4840
4495
4346
4797
3562
11146
3448
2413
4604
4313
3713
1632
3600
3010
3680
10495
8238
3549
2889
4399
4435
4668
4911
2847
8897
4431
4602
1629
6615
10539
4672
3807
2531
9251
10438
2523
10526
2997
4285
2971
2805
4330
4885
3666
4546
1526
4098
1911
3799
4123
4680
4802
11002
5794
4377
3982
4941
4112
10506
3925
2125
13929
5057
4422
10380
7865
3746
4378
10455
2122
3205
3670
2662
3917
3835
10456
3601
4340
8235
1184
2341
4151
4638
4374
4488
10499
2214
3679
3020
4845
4751
4535
3309
2417
10477
4688
4383
7215
3604
4810
1111
4167
5672
4804
5344
5924
3524
4915
2611
4129
10500
1943
10733
3170
2932
4295
10479
3958
1420
4335
7482
10491
10423
3798
2204
9163
10528
4624
3868
3800
5937
10529
4764
4771
4600
1575
4830
3046
2942
7568
8249
4061
10489
4481
851
10469
4478
6900
4547
10519
4554
10452
10445
4260
10433
10494
10448
8650
4004
4153
3683
3558
4545
3183
4614
3394
10119
709
4373
4644
3143
4713
4503
2933
4723
3712
2569
4542
3997
10432
3327
10460
10475
10501
8241
1881
4371
3823
4667
10512
4610
4776
8981
13551
10442
2516
8240
10421
2991
13550
2053
3506
5558
4527
6390
13554
10542
4137
8245
4760
2928
4621
5511
3360
4717
1342
4756
3222
4793
4786
3669
10474
10480
4541
4000
4766
4296
2127
4248
2530
4506
4317
3102
4044
4331
10450
4835
3981
4836
3462
4606
4806
4566
3392
3508
4538
10191
3594
4101
10427
4497
4333
3483
3644
10485
4508
10449
4063
4190
4656
2579
8976
10517
10429
8982
4141
2002
3653
1515
4701
4030
5861
4724
10492
6671
3180
8232
4618
4627
4842
800
2613
9257
8127
13250
5561
6047
10453
4692
3830
10688
10459
2270
2574
4154
4337
3244
4686
4664
5179
8958
3837
4813
4487
3137
4289
10867
4799
4290
4720
4509
10422
13987
9566
8983
4690
10428
4648
6519
5334
2834
4918
13552
3251
4502
5078
2359
4245
4342
3725
13932
4287
3861
13840
4831
4629
4706
3880
4224
4437
4216
3979
4104
8636
10521
4785
7896
3779
10473
9649
2738
3909
4246
3714
4659
4179
2100
4033
4507
10493
4036
10464
4826
5178
4685
10518
8968
7219
8966
2529
3983
3751
4822
4772
11147
3333
2011
4645
10461
2755
4676
4472
4510
3447
15416
3546
4532
3956
4803
4805
5074
10538
4639
13245
3014
2040
3478
3821
2647
10425
4765
4439
8233
1717
10531
4407
3919
3731
4204
10543
4719
4715
5177
10537
7490
2728
10465
4501
1887
10420
4819
4504
10535
4252
3619
4714
2293
10536
10525
8977
4319
4841
8963
10502
9895
10487
5181
10358
9466
4525
14746
4640
3388
4821
10292
10527
4480
4681
4540
8356
10471
3370
4433
4084
3225
3664
2532
4103
4616
3548
4405
4818
2435
4322
4572
5665
2447
2925
1982
10488
4827
10486
10458
4725
4696
10510
3851
3389
10472
4286
4536
4442
2064
4424
3507
2464
3052
9031
2681
4791
3311
4796
2930
4973
4193
4718
4477
4339
10481
8980
2508
4615
4750
1218
10503
2412
9463
4185
2766
1934
4608
3158
4637
7480
4135
10507
10516
1962
3703
2007
4421
4145
5354
3157
2892
4549
3404
3613
8959
4558
10443
4846
2837
4281
10444
2664
4679
10523
10447
4348
4612
4316
10482
4258
4426
4505
4548
10508
3154
4315
4571
5180
4490
3543
1751
3241
10498
10547
4815
1941
2542
4086
1353
2008
4334
4798
4652
3169
10509
3517
4722
3420
4148
4864
10394
4401
3905
4687
8174
10435
1131
4951
3285
3362
4747
2616
8979
4809
5696
7486
9793
4332
4666
4486
4007
4398
3684
2839
3955
3498
5176
2047
4816
3999
4617
8970
10336
10457
3803
3452
4038
4489
2299
9983
4396
3702
4767
4024
4748
3547
5562
3527
7488
4130
4989
3756
878
4758
4673
4544
10522
4605
3062
4568
3654
4539
2603
3338
4716
5175
10468
