3577
3082
3967
4114
2840
4147
4081
3952
3024
4181
2845
4040
3607
2622
2916
3862
4183
4175
4160
3878
3564
4218
2655
3913
3826
2871
3732
4089
2607
2972
4093
3976
4176
3416
3663
3446
2584
4035
1135
4180
2905
3904
3944
3879
3550
2704
4052
3239
4146
3901
4213
3413
3030
2129
3561
3513
4152
3565
4067
3055
2517
4088
4115
3381
3866
4212
1308
2433
3312
2303
3581
4228
3681
3988
3608
1005
4048
4162
4116
3757
2537
3765
1869
4171
2645
3013
2844
2969
3080
2098
2009
4205
3247
3989
2886
2797
3465
3871
3876
3578
1673
4032
4207
3348
3863
4227
3726
1190
3908
2669
4042
4158
1890
3364
1458
3116
3067
3859
3417
3744
3567
3721
3505
4222
2620
3440
1732
557
3065
3563
2058
4069
776
915
1634
3175
2973
4234
3160
2949
3957
2651
4105
4039
4126
4149
4172
2936
4161
3026
3774
3562
4085
3448
2413
4102
4136
4065
3713
1494
3600
3010
3520
3680
3828
3943
3716
4108
3549
3426
4057
3208
1754
3870
2847
2557
3968
4184
1629
1676
3933
3949
4124
3422
2817
3807
3963
3129
2523
4100
2997
2080
3515
2805
3659
3666
3334
4041
1526
3643
4098
1391
3566
3799
4123
4082
3121
3053
2437
3238
4241
3366
2878
3972
3982
2285
3704
3642
4112
3887
2289
2125
2861
2609
4238
4083
4229
3691
3873
3746
3729
2122
2425
3670
2662
3917
1004
3601
3994
1337
1184
1740
4151
4066
4068
3317
4097
2746
4231
3651
3966
4177
2168
3921
3132
4240
4206
3890
3583
3987
2434
3125
2612
3554
2890
4120
1772
1932
1118
3156
1694
3797
2934
3309
3665
3126
2417
2172
3518
3604
3875
1111
4167
3340
3524
4236
1943
3881
3993
4056
3269
3877
3170
3754
2932
4073
3958
3320
1420
3551
3964
2787
3009
3798
2054
3868
3800
321
2390
1575
3046
2942
335
4061
3918
851
3569
3975
4140
3858
3390
3166
4076
2758
1429
3906
3571
4165
4233
1866
4004
4117
4153
3400
3570
3131
3683
3558
4188
2069
4132
3560
3192
4122
4062
4113
3134
3394
3819
3403
1609
3445
709
3143
1724
3867
4010
3555
2569
3097
3997
3327
3762
908
3719
1881
1426
3407
3992
3771
4058
1840
2838
3617
3801
3823
3040
3777
2516
3048
4050
2991
1230
3931
4079
3099
3805
2053
3506
3911
2570
4137
3685
2928
3645
3402
3360
1342
3599
3222
3669
3237
4197
4000
2127
2530
3815
4045
4174
3606
4119
4072
3102
4044
3820
3981
3587
3462
4053
4139
3573
3508
3408
3467
3594
4101
3107
2789
3960
3907
4203
3817
4163
4237
3644
2477
4047
4063
1249
2866
4190
1848
2579
2260
3926
3329
1359
3207
3829
2075
4186
4141
2002
3653
1515
4090
4030
2382
3761
3180
2870
3759
2818
3135
3900
4182
4092
4109
800
4436
3049
4208
2613
2981
3965
3830
2409
2270
2574
4034
3324
3710
4154
3824
3244
3428
4055
3325
3173
3137
1306
3946
4189
3730
3454
4169
3359
4043
2078
3995
3363
2887
2834
4202
3962
2583
3575
3884
730
4075
3176
3136
3725
3861
4195
4127
3903
3880
4224
4216
1042
3979
1756
3910
4104
2460
3430
4170
3779
7954
3909
3365
4006
3948
3714
3810
3818
4179
3022
4001
2931
2100
2908
4033
4036
3723
2424
4223
4159
2636
3983
3947
3892
4242
2841
4110
4002
3751
3472
3556
2571
3869
3584
3978
3333
3489
2011
3650
2755
3447
1367
3546
3956
2634
3423
3973
4194
3341
3825
3950
2040
3316
3924
2974
3971
3872
3821
2647
3337
4096
2994
2550
3816
3586
3919
3731
4214
4204
2867
2728
2133
3064
1887
1208
4046
4037
4196
3648
3280
3559
2940
1518
1948
3727
3942
2654
3728
3310
3615
1495
2911
4166
3688
3063
8353
921
1768
3368
3388
3939
1835
4220
3411
3296
3920
3914
4134
3808
2307
4084
1715
3664
4157
2888
4103
3548
3056
3689
4133
4150
4230
3811
2812
3015
2925
4173
3623
2013
3347
3886
2385
3661
1404
4059
3780
4095
3449
3389
3977
4442
2064
3507
3052
2681
3311
1598
4107
4121
3326
3070
4226
3812
1505
3322
4193
3461
3346
3888
3752
4070
3029
336
1218
3984
3521
3857
2412
4185
1934
3158
3795
4135
1849
1962
3186
3703
3809
3708
2007
4145
3419
3057
3404
3613
3883
2683
4164
2837
3193
2403
3647
2518
3760
4011
4111
4031
3701
4219
3766
2485
3278
3349
3196
1974
3922
3610
3612
1295
3154
4138
3321
4078
3543
1751
2992
4199
3353
4191
4168
1242
4086
4200
1353
3281
4131
4239
4201
3169
3313
4215
3517
4080
3223
3597
3420
3953
3882
3724
3466
2835
3905
3923
2309
2235
3912
1131
3285
4049
3362
2795
2070
4192
2616
4087
4077
2843
4118
3796
4143
3656
2935
1132
4007
4211
3684
4144
3500
2839
3955
3605
2047
3831
2279
2686
3803
4187
3660
3452
4038
2749
2299
2980
3702
4024
3547
4128
3527
4235
4130
3756
1565
4125
3105
4156
3692
2553
2239
4071
1464
3654
2603
2056
3860
4051
3991
3611
3737
