13286
21821
4979
10905
13549
14674
4852
11357
21797
4328
4183
6609
10439
71432
10424
5248
4499
3564
4916
20053
5467
14732
55603
22698
20559
15994
9167
54312
4093
112097
20723
12306
19731
48689
26151
51593
37587
5061
10476
32162
24708
9595
25281
5748
12186
11373
8050
31883
23750
4859
5110
11293
15114
15340
5595
3314
21518
26975
4496
12937
3030
11260
4749
32435
9169
3513
19864
19871
4291
14623
51695
2517
4115
13590
8246
52960
3312
3581
49501
7450
14568
33166
19589
4474
9117
14758
16671
4351
20517
14441
4847
4492
10761
21614
12703
50975
5907
23591
21422
5067
2886
10451
4511
21881
50245
107846
14608
64271
14434
4763
16204
9929
12584
23951
8868
23812
4158
66318
5810
14742
19894
23837
14636
31442
9457
23396
25191
64464
8185
112458
10596
8707
14444
4634
3505
25435
10466
2620
112203
32279
3894
14482
9576
74562
19868
74591
50501
15989
3175
2250
13814
53269
13344
19951
6712
5771
7163
11347
4620
65849
13491
20858
13248
69747
4495
64522
8438
64140
51609
3562
2593
33335
23809
4604
4136
14559
3600
21653
3622
53182
2889
49256
7336
94666
15211
69286
10539
14565
23989
22870
8148
11362
3807
25892
9251
4100
13389
13130
4198
12198
4288
8192
4330
14676
51813
3799
67927
77990
14706
32936
75226
5548
54032
69176
15199
4112
5758
24252
19758
31885
49884
50996
24231
52153
4229
13823
16347
24626
24637
24811
3670
23810
6451
3601
4340
8163
14829
74787
14255
12707
31439
13869
4394
11033
49259
20946
33185
16803
107863
12199
3156
21584
3309
11247
32289
66670
19771
31663
23703
6784
14713
23976
5672
4804
22002
13867
78267
51582
51544
8444
52959
14805
3881
66284
25246
3877
3170
13561
25309
24704
8052
5906
3958
3320
5371
10491
19680
50234
66104
24649
33072
21887
24635
26714
23841
4771
4600
20187
50857
51754
6889
3046
15259
20081
8321
24221
4481
10968
50989
10651
66362
14795
64037
25429
19909
24399
1870
7946
4260
23911
22542
21731
25291
13985
7548
6210
50512
15549
5101
15269
51437
32728
83496
49761
15186
14808
23978
20101
14665
33135
3143
25447
10000
20810
66517
2933
4582
51917
5064
3058
8586
2569
51559
20005
14283
6194
52951
11575
10564
14637
24341
9377
23702
104260
112551
5272
10957
13554
8245
4760
66538
5079
3360
4717
12212
33056
3222
15480
4786
14571
52931
24807
30527
98303
111987
69289
24723
75372
4909
5051
11259
14428
20607
5154
23743
19880
14696
4331
23815
20277
5682
10604
13515
50165
11267
3960
13492
108973
19600
5156
20958
4333
20178
12316
14723
3644
10449
67899
16793
13522
3926
15333
15134
13089
14693
8982
26220
5368
12359
13274
66564
5861
12520
35733
66494
23575
6899
23832
4618
4842
23704
24702
3049
13872
11044
30528
9257
23696
31441
6528
20503
66222
16607
13866
5583
4985
23784
23830
79245
5066
66516
4337
3244
49495
5790
4664
19851
5179
8006
3837
20055
23687
23817
74811
13278
52201
12444
21611
4813
8578
4487
23759
5762
4509
51223
63633
10422
88771
8456
14574
9566
8983
10428
20048
71441
6519
4918
16640
8171
20097
23952
15136
11272
2912
4245
11284
51556
4287
20874
11363
3861
5375
14903
16256
9960
64460
4224
8107
53270
52613
3979
14585
3844
14587
20961
51423
2340
19865
24797
14824
21958
3909
68593
23835
54889
27090
66378
5377
46268
5859
23822
2100
32923
12322
8900
24334
5879
5102
108751
5239
5178
15293
4955
4727
19619
64281
8966
3983
14580
19603
75991
19911
9662
4772
14715
3869
20196
15019
45351
14577
31936
20479
25329
14450
16642
14451
76258
19922
3014
14647
32673
8293
3924
51416
9491
49367
14671
15154
21532
12536
64069
5514
10543
66557
23955
23650
19873
11224
53610
7490
51510
14652
10465
9266
114590
6058
23994
4252
49489
4714
4654
49293
16467
5093
43856
4936
10440
13485
49494
4972
21998
108972
3138
50252
2911
10487
20079
10768
64519
4640
53151
4821
3920
10079
32229
19929
5860
70216
16790
25464
15559
66518
49504
24001
13703
19888
2216
24156
13565
4276
3811
4818
39606
14477
5343
15202
19928
67198
24630
4878
3934
13511
24809
10458
14624
3484
10727
13796
16286
4095
3851
3389
10472
13555
4286
3507
16431
11180
20171
2896
16801
11341
49716
12192
12817
20745
6251
49481
4796
66204
51775
20490
15257
14538
14554
11074
5384
25068
14463
20499
3752
66570
5220
16234
8980
2508
7013
54056
14657
19844
14393
5267
4626
15367
4608
4135
64142
20027
12576
23797
4421
4145
25529
19925
4549
21413
21385
11364
75104
14997
3613
19862
14445
4558
32998
4999
49158
25183
21379
26216
24722
66563
3457
4348
54392
4779
8168
4316
26571
51561
25444
4505
33124
92693
65961
98302
19893
15116
4815
8143
40320
24000
4402
14592
35781
70755
14452
4880
5264
5754
63836
51505
5865
12185
3517
13281
23033
43098
12114
3724
32280
10394
16087
20486
20051
16006
13559
20941
43940
23612
67201
15011
3362
11031
65987
5140
4747
76090
8979
31670
4874
32602
4666
20109
67634
15013
4398
4851
2839
14467
13815
8159
14164
3929
4617
8658
51238
9426
31046
3452
66578
23599
15580
4489
14548
15111
4396
7114
23811
4748
5806
14446
3547
13961
7488
23659
3756
14149
24151
12136
66506
6389
10522
32796
4605
62919
4539
25313
50230
24220
19620
11034
20750
6627
5175
107891
11419
