4603
14480
4343
2840
4147
4081
9199
2845
10544
4852
4040
2622
2916
10514
10333
4328
4183
4499
4482
3564
4218
3913
4752
4410
4441
4774
4413
4543
4093
2283
3897
2862
4839
4551
4176
4731
4781
3663
3446
4035
1135
2905
4550
4483
4861
4665
5688
4823
2704
9896
4800
4526
3239
4859
3901
4496
4213
9762
4721
3030
3561
3513
7485
4291
3565
9382
4520
2517
4115
2361
1308
3312
3681
8732
4162
4562
2537
1869
4474
4171
2844
3672
2098
4847
4492
4205
3247
8318
2886
4511
9980
4552
4761
4283
4753
4769
4763
4838
3863
9985
4601
4493
3908
4788
9030
4158
9032
4729
3364
3116
2152
1211
2624
3744
3567
4261
8707
4634
4559
4537
4341
4828
2620
3894
4636
4556
4254
4843
3563
2058
1634
4430
4259
2949
3957
2651
5559
4825
4844
4105
4039
4620
4172
2936
4161
4651
4840
4518
4495
4346
4797
3562
3448
2413
4102
4604
4136
4313
3713
1494
3600
4746
3010
3520
3680
2836
4858
3549
2889
4739
4399
4435
13382
4668
4911
4737
4787
2847
4431
4602
1629
3933
3422
2817
3807
2531
4406
4100
2997
4285
2971
3515
4389
4288
4330
4657
9198
4768
4546
1526
4516
4098
1911
3566
3799
8712
4680
4802
3121
4777
2878
3982
4304
3887
2125
10335
2609
4422
7491
7865
3746
3646
4790
2122
4683
3917
1004
3601
4340
10256
2341
4151
8317
4638
4419
3921
4320
4253
4488
2214
3583
7628
3679
4845
2890
4120
1772
4751
4535
2934
3309
3665
5557
4429
4688
3604
4810
1111
4167
4804
4850
10395
3524
4862
2611
4129
8894
10733
3232
2932
2521
4295
10479
3958
4305
1420
3551
4863
4335
7482
3009
9296
3798
9650
4624
3868
3800
10529
4764
4771
4600
4789
2390
1575
4740
4830
3046
2942
335
4481
851
4478
4867
4547
9984
3390
4554
4076
4260
4300
4004
4117
4153
4619
4736
3683
3558
4545
9249
4614
3394
709
4856
4644
3143
4713
4503
4743
4868
3867
4723
3555
2569
3097
4542
3327
3719
1881
32306
2917
4363
4667
4610
4357
4812
4776
13551
2516
4355
2991
2074
1230
13550
3099
2053
3506
5558
4527
3911
4137
3685
4760
2928
4621
10413
3360
4717
1342
4756
3222
4793
4631
4786
10634
4541
4000
4534
3427
4766
4296
4248
2530
4397
4506
4317
4732
3102
4044
4331
2796
4835
4512
4762
4836
3462
4606
4806
7749
3508
3408
4538
10191
3594
4101
4908
4497
4515
4302
4333
3483
3644
4508
4190
4656
2579
4734
7481
4738
4186
4141
2002
3653
4701
3743
4030
4724
8709
4182
4109
4618
4655
4627
4842
800
4436
4358
2613
5561
6047
10453
4628
2270
2574
2761
4034
4154
4337
3204
3244
4686
4664
5179
10272
4661
4813
4487
4865
4418
3137
4289
4848
4799
4290
4720
4509
4432
3454
13987
4693
4690
4648
2834
4860
3251
4502
4726
4349
4245
4342
4741
4287
3861
4831
4710
4629
4706
3880
4437
4216
3979
1756
4104
7489
8636
9051
4785
7896
4792
4857
9649
2738
4250
4733
4246
4784
3714
4659
4179
2100
4033
4507
6077
4036
4832
4826
5178
4685
1620
4727
4530
2529
3983
4755
4854
3751
4822
4561
4772
3333
2011
4645
3650
2755
4676
4472
4510
3447
1367
3546
4532
3956
4803
4805
4639
4553
3014
5632
2040
4735
9348
3821
2647
4765
4439
1717
10865
4407
3919
3731
4204
7487
4719
7479
4715
5177
7490
4501
4855
1887
4819
4504
4252
3619
4714
4654
2293
4319
4256
1518
4754
4757
8708
4841
1495
9895
2911
5181
4521
4525
1768
4640
3388
4821
4356
4782
10292
4480
4671
4681
4540
4837
3370
7791
4794
4084
3225
3664
10074
2532
4103
4616
3548
4405
4853
4150
3811
4818
2435
4322
4572
2447
2925
1982
2013
4514
2110
4827
8710
4725
4696
3780
3851
3389
4286
4536
4442
2064
4424
3507
4675
2464
3052
9031
2681
4817
4347
2896
4308
4791
3311
4796
4523
4193
4718
4477
4339
10481
4498
4615
4750
1218
9794
10385
4773
2412
4185
4626
4608
3158
4637
7480
4135
1962
3703
2007
4485
4421
4145
3057
15374
4529
4549
3404
3613
1799
4558
4846
4770
3760
2664
4679
4111
4348
4779
4612
4316
10482
4258
3922
3610
4505
4548
3154
4138
2338
4315
5180
4490
3543
1751
3241
4199
4653
4310
4815
1941
4168
2750
1353
4560
4730
2008
4201
4798
4652
3169
4215
3517
4722
3420
4148
4864
10394
4401
4309
3923
4687
4728
9792
3285
3362
4747
2616
4811
4809
4077
4742
7486
4118
9793
3796
4332
4666
2935
8711
4712
4486
4398
3684
4851
2839
3955
5176
2047
4816
3929
4617
10336
3803
3452
4038
4489
13263
2299
9983
4557
2171
4396
4366
3702
4767
4024
4748
3547
5562
3527
7488
4130
4125
4156
878
4758
4673
4544
4528
2239
4605
3062
3654
4834
4539
4716
5175
4780
