19970
13286
21821
4979
10905
13549
14674
9131
4852
11357
24778
4040
4328
10559
24695
4183
10439
5248
4499
3564
4916
14732
55603
20559
13984
9167
54312
4093
20723
49990
12306
15128
19731
48689
37587
5061
10476
10467
24708
9595
51667
25281
12186
4823
11373
8050
14803
14945
14720
4859
5110
11293
9468
15340
5595
4496
13279
9762
14902
12937
3030
11260
4749
32435
9169
19871
63655
14623
74776
15288
2517
4115
13590
8246
49956
15185
3581
23793
49501
7450
3988
14568
63840
33166
19589
2537
4474
9117
14758
13490
16671
4351
51464
14441
4847
4492
21614
12703
50975
5907
23591
21422
5067
2886
10451
8882
21881
50245
15661
21820
14434
4763
14793
16204
5721
16622
4601
12584
23951
8868
23812
4158
66318
5810
10565
14742
5668
31442
13706
4674
9457
8162
23396
25191
14779
26408
23695
3567
8707
14444
66307
11965
3505
25435
23869
10466
2620
32279
9576
22952
50467
74562
19868
14944
4843
15989
4430
4259
2250
13814
19951
3160
7163
2651
11347
14575
4620
2936
4161
13491
13510
20858
13248
4495
64522
14589
51609
14473
8913
33335
12365
23809
3448
4604
4136
14559
3713
3600
14549
21653
8045
53182
2889
8585
15211
2559
8897
51245
4354
1629
13716
10539
14565
23989
22870
49763
33158
20722
24679
11362
3242
5328
16524
3807
25892
9251
12854
4100
14555
13130
4198
21506
4288
4330
9947
1526
5345
3799
4123
11002
5866
53093
4777
14706
32936
3982
15199
14800
4112
5758
24252
19758
31885
49884
50996
24231
52153
26556
4229
19678
13823
24626
10455
24637
14487
13340
3670
23810
11111
6451
6820
3601
4340
23826
8163
14829
14255
12707
4394
14753
11033
8962
20946
2214
33185
8046
15967
16803
12199
15258
13903
4845
3156
15123
3309
11247
2417
31663
5361
19752
6784
3604
15759
5672
4804
22002
51544
10500
66509
8444
14805
25246
3170
2932
13561
25292
25309
8044
24238
8052
5906
10479
3958
9567
5371
12639
19680
66104
24649
33072
21887
3868
24635
23841
4771
4600
20187
50857
74739
15146
6889
15259
19968
20081
24221
4481
20179
24232
10968
50989
10651
66362
14795
64037
3390
19909
1870
7946
4260
10433
25266
14766
22542
13985
7548
6210
14569
50512
12582
15549
5101
15269
51437
32728
24839
49761
14835
3819
14808
14875
3143
25447
10000
66517
2933
4582
47259
5064
13234
3058
8586
11579
2569
10432
33066
10475
10501
3719
14619
5698
51559
14459
14283
6194
52951
9496
11575
5713
10564
14637
9431
66108
9377
23702
8589
9417
13550
24340
8598
3506
5272
4527
7234
24641
10957
13554
8245
4760
5079
15332
6292
4717
12212
33056
3222
15480
4786
14571
74590
52931
10480
15481
24807
4766
4248
24723
75372
4506
4909
5051
11259
72371
14428
13556
20607
14465
19880
14696
45519
23815
20277
13192
21628
5682
6425
10604
13515
19605
3508
10191
4101
14750
13492
19679
19600
5156
20958
4333
75317
12316
14723
21585
15194
13285
10449
13509
4656
22546
50468
13522
3926
15134
23872
15608
12891
14693
8982
13240
5368
3653
13274
4030
66564
5861
12520
35733
66494
6899
8232
23832
4618
4842
23704
3049
13872
11044
30528
9257
9603
20180
6528
51538
2852
15558
16607
5583
2270
4985
12299
37776
23784
23830
14938
5520
4154
5066
4337
5551
4664
19851
7124
5179
8006
3837
23687
23817
13278
12444
21611
4813
4487
5762
63634
4289
4290
16088
4509
23948
51223
63633
10422
8456
14574
8335
9566
7985
8983
66497
10428
6519
5334
4918
8171
20097
3251
5078
15136
3945
11272
26977
4245
49992
4741
10703
13932
11284
4287
52625
3861
5375
14903
16256
32638
4224
8107
52903
3979
8956
14587
51423
2340
19675
24342
14481
33061
24797
9649
14824
21958
3909
23835
19617
27090
14063
5377
13280
4179
5859
23822
2100
32923
12322
8900
4507
24334
5102
21774
5239
5178
15293
4955
14698
19619
5804
7219
8966
4159
3983
14580
19603
75991
19911
9662
4772
14715
3869
3333
20196
15019
4472
45351
3546
22651
20479
25329
14712
14450
5074
20064
13390
14451
15938
19922
3014
23875
32673
51569
3924
51416
9491
15009
14774
13584
14490
49367
20095
21532
13871
50463
5514
10543
3889
13494
19873
23873
7490
23615
10465
9266
10420
6058
23994
14909
10535
4252
4714
13283
16467
5093
14984
51753
43856
10440
15560
14924
13485
4972
21998
13825
51539
9895
50252
2911
11213
10487
20079
14051
4640
53151
4821
14433
3920
10079
32229
24834
19929
15200
19923
5860
13822
16790
8049
25464
5169
15559
4084
50960
49193
16270
23820
8616
25267
24001
13703
3548
2216
13565
3811
4818
4209
16003
14477
7990
5343
15202
19928
67198
24630
26076
4878
3934
13511
24809
10458
4725
5044
16286
3851
3389
10472
15135
13555
4286
6030
3507
11180
20171
2896
16801
11341
25203
53176
12192
12817
20745
6251
49481
4796
10004
66204
8945
20490
15257
14538
14554
15218
33238
11074
5384
14463
49796
70150
5220
16234
8980
2508
4615
25089
65981
14656
19844
5267
4626
4608
4135
50462
12576
23797
4421
4145
19925
13193
15374
4529
4549
74743
21413
21385
15002
11364
14997
3613
19862
14445
4558
10443
4999
49158
10444
25183
26216
19867
2664
24722
33067
10881
3766
2485
3457
4348
54392
4779
913
8168
14572
10482
4258
51561
23199
4505
3154
4325
19618
2338
13195
5428
15685
15116
15322
4815
8143
40320
24000
4402
92692
14452
4560
63836
19869
5865
12185
3169
14916
14778
3517
13281
19681
23033
12114
3724
50453
16087
3905
20486
20051
24412
9474
13559
14949
14593
8174
3285
15011
19564
3362
65987
5140
4747
8979
31670
32602
4666
20109
25312
4007
15013
4398
22040
4851
2839
3955
13815
2047
8159
14164
4816
3999
4617
9363
21702
19967
9426
3452
8889
15580
4489
2299
14548
15111
4396
7114
10798
7105
4767
4748
14446
20929
3547
8454
7488
23659
23721
3756
14149
21957
24151
12136
66506
6389
10522
4605
3062
3654
4539
25313
10123
49144
24220
22047
19620
11034
24638
5175
51436
