46975
46976
46977
46978
46979
46980
46981
46982
46983
46984
46969
46968
46973
46965
46967
46971
46974
46972
46970
46966
46964
46959
46960
46958
46963
46956
46961
46962
46955
46957
46949
46952
46946
46951
46947
46954
46945
46950
46953
46948
46937
46940
46936
46941
46942
46944
46938
46939
46943
46935
46933
46928
46932
46934
46926
46925
46930
46931
46927
46929
46922
46921
46915
46917
46920
46924
46918
46919
46923
46916
46905
46912
46906
46909
46910
46911
46914
46908
46907
46913
46899
46895
46898
46904
46896
46900
46901
46902
46903
46897
46875
46879
46889
46891
46885
46888
46892
46893
46894
46886
46887
46890
46876
46880
46884
46883
46878
46882
46881
46877
46870
46865
46866
46868
46872
46873
46869
46871
46874
46867
46860
46858
46855
46861
46856
46864
46863
46857
46862
46859
46852
46845
46847
46849
46851
46853
46854
46850
46846
46848
46784
46841
46838
46844
46839
46835
46836
46843
46837
46840
46842
46828
46825
46826
46829
46831
46832
46834
46830
46827
46833
46815
46817
46819
46820
46821
46824
46823
46816
46822
46818
46808
46810
46812
46813
46809
46811
46814
46805
46806
46807
46798
46799
46800
46802
46803
46801
46804
46797
46795
46794
46796
46785
46786
46787
46788
46789
46792
46791
46790
46793
46782
46775
46776
46777
46780
46781
46779
46783
46778
46768
46765
46766
46767
46769
46772
46773
46771
46774
46770
46764
46757
46756
46762
46763
46759
46755
46760
46761
46758
46749
46745
46751
46747
46748
46754
46750
46753
46752
46746
46737
46739
46735
46736
46738
46743
46742
46741
46744
46740
46726
46732
46725
46727
46728
46729
46730
46733
46731
46734
46718
46715
46720
46722
46723
46717
46719
46724
46721
46716
46710
46705
46706
46708
46711
46712
46714
46713
46709
46707
46695
46698
46701
46697
46700
46702
46699
46696
46703
46704
46692
46691
46688
46689
46685
46686
46687
46690
46693
46694
46680
46684
46675
46679
46682
46676
46677
46678
46681
46683
46671
46670
46669
46672
46665
46666
46667
46668
46673
46674
46655
46657
46662
46658
46664
46663
46660
46656
46659
46661
46645
46653
46650
46646
46648
46647
46649
46651
46652
46654
46635
46636
46639
46643
46637
46638
46640
46641
46642
46644
46632
46634
46628
46626
46625
46630
46627
46629
46631
46633
46624
46618
46620
46622
46615
46616
46617
46619
46621
46623
46613
46610
46609
46614
46605
46612
46606
46607
46608
46611
