66712
66713
66714
66715
66716
66717
66718
66719
66720
66721
66663
66512
66605
66707
66706
66703
66708
66702
66704
66709
66710
66711
66559
66664
66548
66640
66671
66662
66700
66694
66699
66692
66698
66701
66693
66695
66696
66697
66685
66690
66684
66683
66688
66686
66682
66687
66689
66691
66705
66677
66679
66673
66674
66675
66676
66672
66678
66680
66681
66633
66584
66513
66637
66636
66635
66666
66670
66668
66665
66667
66669
66657
66653
66654
66656
66659
66655
66652
66660
66661
66658
66524
66645
66649
66648
66650
66647
66642
66643
66644
66646
66651
66639
66634
66641
66632
66536
66494
66602
66626
66622
66623
66629
66625
66627
66628
66630
66631
66624
66638
66550
66531
66537
66619
66616
66612
66613
66617
66615
66620
66618
66621
66614
66554
66603
66606
66609
66604
66607
66611
66610
66608
66532
66465
66519
66525
66601
66592
66593
66594
66595
66597
66599
66598
66596
66600
66515
66586
66582
66585
66591
66589
66583
66588
66590
66587
66578
66577
66579
66572
66575
66581
66580
66576
66574
66505
66564
66563
66567
66569
66570
66562
66565
66568
66571
66566
66507
66503
66573
66557
66558
66561
66552
66555
66560
66553
66556
66520
66517
66549
66544
66551
66545
66543
66546
66547
66542
66539
66534
66533
66535
66540
66541
66538
66527
66526
66528
66529
66530
66522
66523
66518
66514
66516
66521
66509
66510
66504
66506
66502
66508
66511
66497
66492
66496
66499
66501
66495
66498
66493
66500
66483
66482
66486
66487
66491
66489
66484
66485
66488
66490
66481
66475
66480
66476
66477
66478
66472
66473
66479
66474
66466
66467
66469
66471
66464
66463
66468
66470
66462
66459
66452
66453
66457
66458
66460
66461
66455
66456
66454
66451
66443
66445
66446
66444
66442
66447
66448
66450
66449
66441
66432
66439
66438
66434
66433
66435
66436
66437
66440
66429
66424
66423
66431
66422
66425
66426
66427
66428
66430
66412
66418
66414
66415
66421
66413
66416
66417
66419
66420
66407
66402
66405
66409
66410
66408
66403
66404
66406
66411
66395
66392
66393
66400
66394
66399
66396
66397
66398
66401
66389
66382
66383
66390
66387
66391
66384
66385
66386
66388
66376
66377
66374
66375
66372
66373
66378
66379
66380
66381
66371
66365
66364
66369
66366
66362
66363
66367
66368
66370
66360
66352
66354
66359
66361
66357
66353
66355
66356
66358
66350
66349
66348
66342
66347
66343
66344
66345
66346
66351
