75063
75061
75064
75067
75068
75069
75066
75070
75062
75065
75058
75054
75055
75056
75060
75053
75052
75051
75057
75059
75049
75046
75048
75041
75047
75042
75043
75044
75045
75050
75039
75038
75032
75031
75034
75037
75040
75036
75033
75035
75026
75027
75022
75023
75028
75030
75029
75024
75025
75016
75019
75011
75014
75017
75018
75012
75015
75013
75020
75009
75001
75006
75003
75005
75010
75002
75004
75007
75008
74996
74995
75000
74998
74991
74992
74993
74994
74997
74999
74985
74989
74982
74981
74988
74990
74987
74966
74961
74963
74965
74962
74964
74967
74968
74969
74970
74956
74951
74952
74959
74957
74958
74953
74954
74960
74955
74948
74941
74942
74950
74949
74943
74944
74945
74946
74947
74937
74938
74935
74940
74931
74939
74932
74933
74934
74936
74926
74925
74923
74928
74922
74921
74924
74927
74929
74930
74920
74913
74916
74919
74911
74914
74912
74915
74917
74918
