38678
38679
38680
38681
38682
38683
38684
38685
38686
38687
38674
38668
38670
38675
38671
38673
38672
38669
38676
38677
38664
38658
38662
38659
38663
38666
38660
38661
38665
38667
38617
38613
38635
38615
38651
38648
38650
38655
38652
38649
38654
38653
38656
38657
38609
38647
38643
38644
38640
38642
38646
38638
38639
38641
38645
38629
38630
38634
38628
38631
38633
38572
38632
38614
38636
38637
38618
38625
38619
38620
38622
38624
38626
38627
38621
38623
38611
38608
38610
38612
38616
38598
38599
38602
38603
38606
38607
38605
38604
38600
38601
38591
38588
38589
38590
38593
38597
38596
38595
38592
38594
38578
38587
38583
38580
38584
38585
38579
38581
38582
38586
38569
38576
38574
38568
38575
38571
38577
38570
38567
38563
38559
38561
38562
38564
38566
38558
38565
38560
38573
38557
38555
38548
38549
38551
38552
38553
38550
38554
38556
38539
38546
38544
38547
38538
38540
38541
38543
38542
38545
38530
38529
38532
38533
38534
38535
38536
38528
38531
38537
38525
38526
38518
38519
38520
38522
38524
38521
38523
38527
38514
38509
38511
38513
38516
38517
38515
38508
38510
38512
38504
38498
38501
38502
38506
38507
38503
38500
38499
38505
38495
38489
38490
38492
38493
38494
38496
38488
38497
38491
38482
38479
38481
38483
38484
38485
38486
38480
38487
38478
38472
38469
38471
38475
38476
38477
38470
38468
38474
38473
38463
38466
38458
38460
38461
38465
38467
38462
38464
38459
38450
38456
38451
38455
38452
38457
38448
38449
38454
38453
38444
38441
38442
38443
38445
38446
38447
38440
38438
38439
38430
38437
38429
38431
38432
38433
38435
38436
38434
38428
38418
38425
38422
38423
38426
38427
38421
38424
38420
38419
38413
38414
38411
38410
38412
38415
38416
38408
38417
38409
38406
38404
38402
38399
38400
38398
38401
38403
38405
38407
38388
38392
38393
38391
38389
38390
38394
38395
38396
38397
38383
38384
38381
38385
38378
38379
38380
38382
38386
38387
38369
38370
38371
38376
38368
38372
38373
38374
38375
38377
38358
38359
38367
38363
38360
38361
38362
38364
38365
38366
38354
38350
38356
38357
38355
38348
38349
38351
38352
38353
38339
38346
38345
38340
38344
38338
38341
38342
38343
38347
38333
38330
38334
38332
38336
38337
38328
38329
38331
38335
38322
38318
38321
38319
38325
38320
38323
38324
38326
38327
38308
38317
38312
38315
38313
38314
38309
38310
38311
38316
