14410
14411
14412
14413
14414
14415
14416
14417
14418
14419
14375
14319
14370
14377
14313
14407
14405
14401
14409
14402
14408
14403
14400
14404
14406
14296
14393
14390
14398
14396
14399
14397
14391
14392
14394
14395
14388
14387
14381
14383
14380
14382
14384
14385
14386
14389
14295
14310
14318
14314
14373
14376
14372
14371
14374
14378
14379
14363
14362
14364
14369
14367
14360
14361
14365
14366
14368
14351
14352
14350
14356
14357
14353
14354
14355
14358
14359
14340
14347
14348
14342
14349
14345
14341
14343
14346
14344
14330
14337
14338
14335
14331
14332
14333
14334
14336
14339
14323
14321
14322
14325
14326
14329
14320
14324
14327
14328
14051
14311
14315
14316
14317
14309
14304
14300
14303
14305
14307
14301
14306
14308
14302
14294
14290
14291
14292
14293
14299
14298
14297
14281
14288
14284
14285
14286
14287
14289
14283
14282
14280
14274
14271
14272
14273
14276
14278
14279
14277
14275
14270
14267
14263
14269
14260
14261
14262
14264
14265
14266
14268
14252
14251
14253
14256
14258
14259
14255
14257
14250
14254
14244
14240
14242
14245
14246
14248
14249
14243
14241
14247
14237
14230
14231
14235
14232
14233
14236
14238
14239
14220
14234
14221
14222
14224
14226
14227
14228
14225
14229
14223
14217
14215
14210
14211
14212
14214
14216
14218
14213
14219
14202
14203
14207
14204
14205
14206
14209
14208
14200
14201
14192
14193
14195
14191
14197
14198
14199
14194
14190
14196
14185
14180
14181
14183
14188
14184
14182
14186
14187
14189
14174
14172
14171
14175
14176
14177
14178
14179
14170
14173
14166
14167
14163
14164
14165
14168
14162
14169
14160
14161
14159
14153
14150
14151
14154
14155
14156
14158
14157
14152
14148
14145
14141
14142
14147
14149
14143
14140
14144
14146
14135
14134
14130
14131
14136
14132
14133
14137
14138
14139
14123
14126
14127
14121
14120
14122
14124
14125
14128
14129
14114
14117
14113
14116
14112
14110
14111
14115
14118
14119
14100
14104
14103
14107
14101
14106
14102
14105
14108
14109
14092
14099
14090
14094
14091
14093
14095
14096
14097
14098
14087
14082
14088
14081
14086
14080
14083
14084
14085
14089
14077
14078
14073
14074
14070
14071
14072
14075
14076
14079
14065
14063
14069
14067
14060
14061
14062
14064
14066
14068
14059
14050
14054
14052
14053
14312
14055
14056
14057
14058
14043
14040
14047
14041
14046
14042
14044
14045
14048
14049
