59266
59267
59268
59269
59270
59271
59272
59273
59274
59275
59260
59262
59264
59259
59257
59265
59261
59263
59256
59258
59250
59248
59246
59252
59255
59253
59247
59254
59077
59231
59251
59249
59214
59238
59244
59236
59242
59241
59245
59237
59240
59239
59243
59235
59227
59234
59228
59230
59232
59233
59229
59226
59220
59217
59224
59223
59225
59219
59216
59221
59211
59183
59207
59208
59210
59212
59215
59206
59209
59213
59204
59196
59203
59202
59198
59197
59205
59199
59201
59200
59189
59195
59187
59192
59191
59186
59194
59193
59188
59190
59185
59067
59176
59179
59175
59166
59172
59167
59168
59169
59174
59171
59173
59170
59222
59159
59165
59161
59163
59162
59156
59157
59164
59160
59158
59218
59184
59180
59177
59178
59182
59181
59148
59146
59153
59155
59149
59152
59147
59150
59154
59151
59069
59138
59136
59142
59139
59141
59140
59144
59137
59145
59143
59057
59050
59135
59128
59126
59130
59129
59132
59127
59133
59134
59131
59119
59120
59123
59124
59125
59117
59122
59118
59121
59116
59115
59107
59108
59109
59106
59113
59111
59112
59110
59114
59105
59097
59099
59102
59104
59096
59103
59098
59101
59100
59095
59087
59091
59086
59088
59089
59092
59093
59094
59090
58996
59074
58900
59068
59070
59072
59076
59081
59082
59079
59084
59078
59080
59083
59085
59066
59075
59054
59071
58896
59073
59063
59058
59059
59056
59065
59062
59060
59061
59064
59052
59046
59047
59053
59055
59051
59049
59048
59041
59045
59036
59042
59043
59039
59044
59037
59038
59040
59027
59028
59031
59035
59033
59030
59032
59026
59034
59029
59017
59021
59016
59019
59020
59018
59024
59022
59023
59025
59009
59006
59011
59013
59012
59008
59014
59007
59010
59015
58997
59003
59000
59005
58999
59004
59002
59001
58998
58991
58995
58988
58986
58992
58990
58994
58993
58989
58987
58977
58985
58979
58980
58976
58984
58981
58978
58983
58982
58972
58966
58969
58968
58975
58974
58971
58967
58973
58970
58958
58959
58961
58964
58957
58960
58956
58962
58965
58963
58948
58949
58955
58946
58952
58951
58953
58947
58954
58950
58945
58939
58944
58940
58941
58942
58943
58937
58938
58936
58932
58927
58930
58933
58931
58934
58926
58935
58928
58929
58919
58920
58921
58925
58924
58917
58922
58923
58916
58918
58907
58915
58908
58911
58912
58906
58914
58913
58909
58910
58905
58904
58901
58899
58903
58902
58898
58897
